-3.960781 1.329170 43.464500 -0.002622 0.001863 0.975210 0.221258
-4.825307 1.608974 43.470502 -0.004053 0.000598 0.985582 0.169146
-5.759329 1.964290 43.450632 -0.008491 -0.002660 0.987350 0.158308
-6.720042 2.337522 43.457494 -0.006108 -0.001098 0.988695 0.149812
-7.696656 2.714450 43.445112 -0.001819 0.003659 0.989612 0.143703
-8.679540 3.069019 43.442531 -0.001196 0.001537 0.990439 0.137935
-9.680044 3.384563 43.473946 0.003423 0.003837 0.992196 0.124586
-10.656056 3.696320 43.469581 0.001460 0.006869 0.992326 0.123451
-11.630861 3.989301 43.492868 0.005945 0.007076 0.992547 0.121515
-12.600422 4.298375 43.506748 0.006102 0.005026 0.992923 0.118493
-13.602285 4.626305 43.519987 0.003521 0.007791 0.992292 0.123628
-14.557513 4.924094 43.544871 0.001527 0.010548 0.992015 0.125669
-15.588862 5.215402 43.553237 -0.000872 0.013009 0.992237 0.123677
-16.596227 5.546059 43.595190 0.001575 0.010256 0.991698 0.128173
-17.608486 5.885242 43.601974 0.002051 0.014177 0.990869 0.134068
-18.633704 6.220359 43.606327 -0.001279 0.015318 0.990291 0.138155
-19.636395 6.553827 43.648054 0.002010 0.011787 0.990015 0.140456
-20.593286 6.949016 43.661859 0.004273 0.014722 0.989533 0.143493
-21.552162 7.295590 43.664895 0.002683 0.013504 0.989296 0.145272
-22.521128 7.644157 43.652574 0.002993 0.013585 0.990230 0.138747
-23.519546 7.940030 43.668005 0.005909 0.013399 0.990802 0.134527
-24.511227 8.275815 43.696596 -0.001228 0.015322 0.990767 0.134700
-25.466562 8.570955 43.720868 0.001482 0.015532 0.991946 0.125693
-26.478725 8.840762 43.718908 -0.002121 0.014214 0.994648 0.102313
-27.466643 9.026125 43.714242 0.000116 0.012845 0.997996 0.061958
-28.503740 9.050676 43.732162 -0.000596 -0.010074 -0.999928 0.006419
-29.515700 9.064627 43.730522 -0.001210 -0.010264 -0.999872 0.012206
-30.527030 9.110399 43.747410 -0.001307 -0.007880 -0.999907 0.011074
-31.563371 9.120580 43.774280 -0.003269 -0.009936 -0.999841 0.014456
-32.589681 9.121237 43.754412 -0.000390 -0.006909 -0.999812 0.018116
-33.622901 9.139138 43.757769 0.001192 -0.006184 -0.999491 0.031267
-34.675922 9.105063 43.757982 0.010829 -0.010262 -0.998839 0.045810
-35.712761 8.991107 43.798704 0.000805 -0.011798 -0.996328 0.084796
-36.708787 8.801371 43.804347 0.001532 -0.004330 -0.994868 0.101076
-37.708455 8.647834 43.803621 0.002050 -0.006956 -0.994329 0.106105
-38.716039 8.492491 43.785025 0.000818 -0.005507 -0.994164 0.107736
-39.754351 8.304801 43.798907 0.008045 -0.004936 -0.994493 0.104373
-40.813441 8.103417 43.791408 -0.002588 -0.012396 -0.990984 0.133384
-41.798345 7.892400 43.808114 0.000764 -0.006008 -0.989935 0.141396
-42.781809 7.600610 43.820689 0.001837 -0.007298 -0.983284 0.181924
-43.762889 7.230384 43.842254 -0.001118 -0.005364 -0.976628 0.214868
-44.700104 6.751635 43.842067 0.001379 -0.007480 -0.961366 0.275168
-45.575050 6.223401 43.827035 0.005484 -0.012084 -0.956293 0.292109
-46.467516 5.647574 43.859927 0.000592 -0.012634 -0.953621 0.300743
-47.336739 5.085963 43.857516 -0.000740 -0.007674 -0.951188 0.308515
-48.165962 4.476526 43.878862 0.004827 -0.004940 -0.944633 0.328057
-48.971992 3.806342 43.881200 -0.001949 -0.010917 -0.932347 0.361394
-49.710282 3.067584 43.909725 -0.001695 -0.006919 -0.920217 0.391344
-50.465483 2.325066 43.927455 -0.003044 -0.007773 -0.917799 0.396957
-51.198861 1.553909 43.947866 0.000633 -0.006291 -0.911691 0.410827
-51.890898 0.811779 43.973314 0.006604 -0.009986 -0.904756 0.425762
-52.540689 0.017201 43.947857 0.003596 -0.010267 -0.893526 0.448880
-53.119715 -0.847550 43.974490 0.005197 -0.009065 -0.874801 0.484370
-53.666668 -1.721071 43.979051 0.003889 -0.008197 -0.867867 0.496714
-54.230128 -2.592048 43.991319 0.003714 -0.007792 -0.864447 0.502649
-54.792743 -3.480863 44.014520 0.001626 -0.012316 -0.864278 0.502861
-55.332028 -4.349293 44.040933 0.003500 -0.010269 -0.863268 0.504629
-55.910414 -5.229317 44.049527 0.002063 -0.007653 -0.867014 0.498221
-56.482590 -6.119779 44.052360 0.001613 -0.008132 -0.866106 0.499791
-57.016264 -6.982071 44.046540 0.006547 -0.008015 -0.859288 0.511388
-57.477158 -7.898126 44.067143 0.002884 -0.005364 -0.847294 0.531090
-57.883633 -8.864618 44.056681 0.003319 -0.004840 -0.822137 0.569259
-58.261536 -9.859042 44.074479 0.003777 -0.004836 -0.811964 0.583675
-58.633680 -10.831444 44.092231 0.006886 -0.005848 -0.810614 0.585511
-59.015011 -11.838417 44.102721 0.007595 -0.007430 -0.809741 0.586692
-59.397512 -12.785572 44.113239 0.010131 -0.009136 -0.811120 0.584720
-59.714776 -13.768033 44.120518 0.012882 -0.010923 -0.797795 0.602692
-60.011520 -14.736038 44.126506 0.011128 -0.008429 -0.789936 0.613030
-60.257209 -15.710947 44.123620 0.008024 -0.008434 -0.768502 0.639741
-60.447925 -16.725319 44.147381 0.006277 -0.011408 -0.756176 0.654239
-60.649537 -17.739509 44.157769 0.004235 -0.017819 -0.752727 0.658078
-60.833502 -18.788916 44.186513 0.006538 -0.012713 -0.754070 0.656639
-61.011404 -19.808345 44.189987 0.013845 -0.016141 -0.744203 0.667615
-61.092064 -20.824907 44.201449 0.008013 -0.012164 -0.726523 0.686987
-61.094377 -21.852289 44.205943 0.011207 -0.012271 -0.693121 0.720629
-61.035694 -22.874540 44.222939 0.010606 -0.010644 -0.678619 0.734337
-61.027655 -23.887242 44.209626 0.013839 -0.006953 -0.677956 0.734940
-61.009201 -24.907030 44.223562 0.005153 -0.009259 -0.678203 0.734798
-60.971442 -25.933717 44.229456 0.007592 -0.007744 -0.674659 0.738050
-60.904257 -26.961536 44.213139 0.009659 -0.008008 -0.671794 0.740631
-60.783644 -27.974550 44.242740 0.008842 -0.004702 -0.644350 0.764666
-60.586061 -28.952330 44.256495 0.006229 -0.005894 -0.605694 0.795651
-60.083862 -29.812215 44.272544 0.008207 -0.004242 -0.519031 0.854706
-59.621716 -30.751559 44.276442 0.012322 -0.007244 -0.504744 0.863151
-59.183260 -31.665498 44.260996 0.010107 -0.003596 -0.502804 0.864334
-58.721982 -32.579736 44.271224 0.006745 -0.010136 -0.505786 0.862573
-58.232840 -33.500039 44.275919 0.011419 -0.006773 -0.502053 0.864735
-57.774434 -34.433901 44.278751 0.013915 -0.006258 -0.501163 0.865218
-57.301343 -35.378220 44.266926 0.015377 -0.006008 -0.498122 0.866950
-56.800780 -36.301961 44.278197 0.016721 -0.003064 -0.499454 0.866174
-56.325249 -37.217176 44.286936 0.010272 -0.005310 -0.495971 0.868262
-55.846223 -38.127753 44.303530 0.011563 -0.005335 -0.494159 0.869278
-55.283333 -39.028127 44.290973 0.012343 -0.001610 -0.476586 0.879040
-54.758044 -39.864681 44.299851 0.011540 -0.007600 -0.448496 0.893678
-54.124030 -40.652346 44.301743 0.012228 0.000700 -0.417899 0.908411
-53.369189 -41.363271 44.301487 0.011438 -0.000700 -0.357182 0.933965
-52.584473 -41.973118 44.320141 0.015747 -0.010611 -0.308104 0.951163
-51.750615 -42.580189 44.334687 0.015194 -0.006836 -0.306416 0.951752
-50.959707 -43.272018 44.343660 0.016827 -0.007361 -0.306537 0.951681
-50.098790 -43.914694 44.348813 0.014481 -0.002122 -0.301901 0.953227
-49.271323 -44.557204 44.403274 0.015758 -0.013657 -0.305463 0.951976
-48.465484 -45.177988 44.397828 0.014352 -0.003321 -0.301302 0.953415
-47.632678 -45.812513 44.402192 0.012886 -0.004470 -0.299575 0.953975
-46.826354 -46.471232 44.417201 0.014042 -0.007089 -0.291650 0.956396
-46.005071 -47.089692 44.430497 0.014825 -0.008727 -0.291180 0.956514
-45.168347 -47.714467 44.450312 0.015910 -0.007231 -0.289118 0.957134
-44.322242 -48.345888 44.472195 0.016603 -0.007675 -0.293677 0.955730
-43.503942 -48.993372 44.481335 0.016209 -0.002657 -0.293522 0.955811
-42.685040 -49.600887 44.490984 0.019813 -0.011413 -0.284020 0.958546
-41.815873 -50.204350 44.487948 0.016556 -0.005348 -0.275736 0.961076
-40.955877 -50.739730 44.489553 0.017855 0.001977 -0.246278 0.969033
-40.025665 -51.262997 44.483281 0.014492 -0.007310 -0.233383 0.972249
-39.116947 -51.782634 44.493559 0.016470 -0.007746 -0.230355 0.972937
-38.255832 -52.293992 44.515149 0.023058 -0.005759 -0.230024 0.972895
-37.392108 -52.793190 44.531405 0.025699 -0.007885 -0.229744 0.972880
-36.490880 -53.296615 44.543568 0.024099 -0.008860 -0.228351 0.973240
-35.569002 -53.850077 44.584704 0.025858 -0.005949 -0.232453 0.972246
-34.711091 -54.363238 44.560687 0.025827 -0.007004 -0.232629 0.972197
-33.818102 -54.857417 44.565165 0.024919 -0.012500 -0.229004 0.973026
-32.890831 -55.359534 44.595955 0.022855 -0.016437 -0.223448 0.974309
-31.956455 -55.808466 44.622945 0.019128 -0.011879 -0.213861 0.976605
-31.061423 -56.277481 44.627770 0.015797 -0.017373 -0.211804 0.977030
-30.155363 -56.727645 44.653297 0.014766 -0.008523 -0.209001 0.977767
-29.240493 -57.192160 44.672004 0.016506 -0.014019 -0.203468 0.978842
-28.291951 -57.651989 44.712072 0.011803 -0.014685 -0.201291 0.979350
-27.361583 -58.131760 44.732364 0.012548 -0.007227 -0.203322 0.979005
-26.414770 -58.568733 44.749299 0.008144 -0.006211 -0.202288 0.979273
-25.466944 -59.010135 44.770407 0.012891 -0.005199 -0.198564 0.979989
-24.516308 -59.468420 44.769270 0.014837 -0.003694 -0.197024 0.980279
-23.585995 -59.887945 44.787768 0.011405 -0.004331 -0.181703 0.983278
-22.671623 -60.256550 44.791979 0.014279 -0.002513 -0.168890 0.985528
-21.725792 -60.646244 44.803596 0.005595 0.000166 -0.163102 0.986593
-20.751143 -60.986801 44.805493 0.004419 0.001967 -0.165582 0.986184
-19.796579 -61.400772 44.823319 0.004545 -0.002052 -0.167885 0.985794
-18.821450 -61.826351 44.854745 0.006655 -0.004227 -0.173731 0.984762
-17.867028 -62.219048 44.850311 0.004595 -0.001667 -0.177615 0.984088
-16.934023 -62.597923 44.850440 0.004129 0.000080 -0.179636 0.983725
-16.036748 -63.016984 44.862810 0.008232 -0.002495 -0.180990 0.983447
-15.114681 -63.390059 44.889672 0.006483 -0.003706 -0.182926 0.983098
-14.159164 -63.825543 44.908747 0.004813 -0.003751 -0.191047 0.981562
-13.215139 -64.261964 44.913674 0.004573 -0.002341 -0.191701 0.981440
-12.295460 -64.689431 44.939584 0.006529 -0.004365 -0.190756 0.981606
-11.335398 -65.119979 44.942410 0.005089 0.000102 -0.194008 0.980987
-10.443615 -65.565032 44.951483 0.005516 0.002097 -0.192837 0.981213
-9.554691 -66.022676 44.954908 0.005267 0.000076 -0.195611 0.980667
-8.654359 -66.470171 44.957942 0.004483 0.002714 -0.199502 0.979883
-7.697189 -66.930203 44.978268 0.003899 0.003075 -0.196874 0.980416
-6.725185 -67.357232 44.962523 0.002873 0.001690 -0.191978 0.981394
-5.798960 -67.786622 44.978151 0.001434 -0.004926 -0.189921 0.981786
-4.831109 -68.227488 44.965460 -0.000545 0.000724 -0.188034 0.982162
-3.919226 -68.665377 44.972668 0.001470 -0.000765 -0.181156 0.983453
-2.941134 -69.072549 44.975648 -0.001738 0.001324 -0.175435 0.984489
-1.926087 -69.430831 44.989911 0.001667 -0.003212 -0.149848 0.988702
-0.924155 -69.769131 45.006695 -0.000089 -0.002850 -0.141836 0.989886
0.045076 -70.108615 45.037866 0.003532 0.002971 -0.142075 0.989845
0.995324 -70.437812 45.050328 0.002755 -0.006678 -0.135128 0.990802
2.019565 -70.769256 45.037341 0.002176 0.000698 -0.128993 0.991643
2.976153 -71.109595 45.020858 0.004259 0.001364 -0.131151 0.991352
3.945887 -71.401627 45.045312 0.001731 -0.000770 -0.120885 0.992665
4.921936 -71.690976 45.089038 0.005640 -0.000598 -0.110328 0.993879
5.945415 -72.028371 45.094685 0.005793 -0.004529 -0.126111 0.991989
6.907833 -72.330619 45.082328 0.007641 -0.000719 -0.131256 0.991319
7.827119 -72.573675 45.047503 0.003211 0.000031 -0.126100 0.992012
8.823506 -72.724419 45.069213 0.003270 -0.002063 -0.058355 0.998288
9.864464 -72.891585 45.121960 0.003104 0.000092 -0.057146 0.998361
10.918669 -73.085275 45.170996 0.004270 0.007292 -0.051969 0.998613
11.982072 -73.242514 45.132823 0.005943 0.008274 -0.044692 0.998949
13.002389 -73.365725 45.133430 0.006059 0.017561 -0.013019 0.999743
13.951305 -73.093952 45.126312 0.014232 0.013638 0.164877 0.986117
14.589092 -72.324272 45.131171 0.016629 0.011087 0.383408 0.923363
15.207048 -71.497183 45.136191 0.023344 0.014742 0.435180 0.899920
15.917692 -70.767666 45.145479 0.023401 0.028373 0.428591 0.902750
16.692538 -70.004243 45.095994 0.043690 0.028274 0.417342 0.907258
17.424526 -69.204004 45.112793 0.043016 0.015280 0.409250 0.911279
18.159860 -68.524443 45.115126 0.047297 0.018314 0.395778 0.916945
18.952004 -67.788656 45.133417 0.048484 0.018457 0.391558 0.918690
19.749238 -67.086864 45.132674 0.046096 0.017031 0.380028 0.923669
20.515238 -66.435451 45.143285 0.038623 0.020923 0.379180 0.924280
21.287323 -65.786165 45.113778 0.017477 0.020039 0.349533 0.936547
22.262849 -65.572670 45.096320 0.006244 0.011514 0.158440 0.987282
22.989460 -65.924463 45.049790 0.006336 0.003069 -0.081702 0.996632
23.871402 -66.512603 45.055496 -0.001684 -0.005376 -0.214857 0.976629
24.776426 -66.998017 45.050409 0.000656 0.003772 -0.208512 0.978012
25.706163 -67.476152 45.034044 0.003497 0.004620 -0.212328 0.977181
26.684112 -67.875726 45.033930 0.004092 0.005679 -0.180567 0.983538
27.667031 -68.115307 45.023741 0.006862 0.005884 -0.103666 0.994571
28.723008 -68.180087 45.027629 0.008691 0.005561 -0.015452 0.999827
29.795731 -68.096830 45.011920 0.011752 0.003589 0.035651 0.999289
30.808356 -68.038109 45.000195 0.006553 0.003530 0.035103 0.999356
31.900511 -68.010637 44.997419 0.003704 0.003781 0.033595 0.999422
32.957021 -68.050346 45.011957 0.005874 0.004449 0.007453 0.999945
33.993624 -68.293262 45.013636 0.003130 0.013453 -0.136842 0.990497
34.828538 -68.847713 45.061500 -0.032902 -0.020566 -0.222518 0.974156
35.752110 -69.369088 45.139770 -0.000418 -0.034246 -0.234980 0.971397
36.682233 -69.935403 45.194436 0.002177 -0.013721 -0.223137 0.974688
37.371126 -70.418434 45.241912 -0.003647 -0.011260 -0.285317 0.958360
38.159893 -71.011172 45.253554 0.001738 -0.009217 -0.253878 0.967191
39.032269 -71.505422 45.287647 0.002759 -0.000469 -0.240073 0.970751
39.929420 -71.985759 45.305152 0.001124 -0.002135 -0.220644 0.975351
40.881789 -72.467209 45.323620 0.001149 -0.003794 -0.214415 0.976735
41.804863 -72.937982 45.346820 0.002926 0.000904 -0.207906 0.978144
42.722858 -73.381375 45.363456 -0.001822 -0.008610 -0.204950 0.978733
43.653971 -73.852090 45.395879 -0.005966 -0.004428 -0.213618 0.976889
44.553559 -74.344675 45.408916 -0.003580 0.001476 -0.216446 0.976287
45.450339 -74.799695 45.434509 -0.004449 0.018578 -0.213304 0.976799
46.374184 -75.277386 45.449997 -0.004707 0.019844 -0.212047 0.977047
47.319821 -75.746793 45.444382 -0.008112 0.022888 -0.202953 0.978887
48.267604 -76.190094 45.429599 -0.014295 0.021676 -0.199920 0.979468
49.196385 -76.621894 45.400585 -0.020446 0.016223 -0.192397 0.980970
50.128515 -77.041983 45.327260 -0.021554 0.021752 -0.189385 0.981425
51.094233 -77.487110 45.274306 -0.012020 0.023801 -0.184761 0.982422
52.019596 -77.893223 45.192037 -0.012578 0.025948 -0.185891 0.982147
53.010544 -78.311794 45.142458 -0.012936 0.021758 -0.181251 0.983111
53.926175 -78.714583 45.139380 -0.014703 0.027134 -0.173818 0.984294
54.884535 -79.161316 45.110316 -0.011724 0.027682 -0.176815 0.983785
55.814769 -79.531975 45.105385 -0.012448 0.024464 -0.169748 0.985105
56.786961 -79.964473 45.061527 -0.014147 0.029648 -0.162761 0.986119
57.752190 -80.337614 45.045563 -0.018487 0.028748 -0.159075 0.986675
58.744885 -80.730138 45.034684 -0.018054 0.022273 -0.159228 0.986825
59.684978 -81.102096 45.022844 -0.017356 0.027173 -0.172850 0.984420
60.627583 -81.497687 45.055009 -0.016754 0.016857 -0.169178 0.985299
61.609355 -81.883963 45.009096 -0.018782 0.025936 -0.173630 0.984290
62.619250 -82.241353 44.952552 -0.021588 0.026658 -0.172193 0.984466
63.573011 -82.671429 44.915231 -0.016586 0.024685 -0.184295 0.982421
64.528436 -83.124589 44.895805 -0.019480 0.033222 -0.192614 0.980519
65.440760 -83.589344 44.864173 -0.017731 0.025156 -0.197351 0.979850
66.360833 -84.069086 44.815091 -0.010677 0.023413 -0.199504 0.979559
67.301441 -84.495397 44.764781 -0.010986 0.013953 -0.199535 0.979730
68.179614 -84.981023 44.733096 -0.002614 0.021601 -0.198818 0.979795
68.964626 -85.434323 44.715839 0.012249 0.014764 -0.215600 0.976293
69.813109 -85.860724 44.760189 0.016022 -0.012639 -0.213687 0.976689
70.715882 -86.319044 44.747162 0.007702 -0.004318 -0.206551 0.978396
71.665122 -86.784839 44.772726 -0.001675 -0.001146 -0.201845 0.979415
72.629278 -87.257540 44.803460 0.001473 -0.002452 -0.200665 0.979656
73.593950 -87.709620 44.819253 0.000188 -0.000060 -0.201674 0.979453
74.519435 -88.177256 44.820219 0.001782 -0.005454 -0.198886 0.980006
75.432009 -88.633987 44.861046 0.003634 -0.005084 -0.203290 0.979099
76.340171 -89.105747 44.859216 0.000195 -0.003232 -0.198724 0.980050
77.312300 -89.533228 44.862133 0.000419 0.002181 -0.198950 0.980007
78.270232 -89.986302 44.885126 0.002103 0.005238 -0.194992 0.980789
79.184033 -90.439569 44.880947 0.001724 0.003797 -0.194744 0.980845
80.133744 -90.893308 44.877437 0.003677 0.006052 -0.194917 0.980794
81.040661 -91.339577 44.855468 0.003411 0.000448 -0.194747 0.980847
81.964201 -91.787722 44.902713 -0.000246 -0.006965 -0.194504 0.980877
82.924524 -92.217183 44.906105 0.000839 -0.005478 -0.195470 0.980694
83.857199 -92.672980 44.915044 -0.001719 -0.000445 -0.195563 0.980689
84.762998 -93.099726 44.945993 0.000555 0.000265 -0.190106 0.981763
85.704345 -93.546711 44.950400 -0.000028 0.000679 -0.190182 0.981749
86.627980 -93.951006 44.946691 -0.003446 0.000616 -0.190522 0.981677
86.571601 -94.352342 44.946272 -0.002624 0.003441 -0.442552 0.896732
86.286050 -94.777127 44.913409 -0.002479 0.005569 -0.654560 0.755985
85.799422 -95.358961 44.905834 -0.001386 0.008157 -0.824929 0.565176
85.089455 -96.079643 44.911418 -0.004170 0.009480 -0.886670 0.462287
84.387230 -96.852563 44.905619 -0.003511 0.005898 -0.896698 0.442589
83.721207 -97.695955 44.912332 -0.004039 0.004863 -0.897161 0.441658
82.966794 -98.439140 44.902845 0.001308 0.003956 -0.910330 0.413862
82.116259 -99.108175 44.920131 0.004797 0.002363 -0.940902 0.338638
81.093488 -99.417106 44.928851 -0.003948 0.000069 -0.975214 0.221227
80.072090 -99.597607 44.964740 -0.003236 0.000912 -0.988031 0.154218
79.041353 -99.861528 44.976468 -0.003782 0.002018 -0.987819 0.155548
78.023328 -100.187156 44.969566 -0.006352 0.002742 -0.986353 0.164501
76.991167 -100.491236 44.976726 -0.004126 0.000885 -0.984417 0.175800
76.013908 -100.861673 45.002452 -0.011845 0.006975 -0.974224 0.225163
75.249339 -101.501259 45.022749 -0.009617 0.007229 -0.943327 0.331646
74.806098 -102.368481 45.040601 -0.010293 0.007313 -0.865109 0.501424
74.536000 -102.156675 45.056392 -0.010528 0.006264 -0.960558 0.277810
73.962835 -101.965924 45.080701 -0.011232 0.006082 -0.990539 0.136633
73.227272 -102.632786 45.069497 -0.010271 0.011387 -0.956595 0.291017
72.494989 -103.376811 45.113368 -0.015029 0.009137 -0.915422 0.402110
72.306805 -104.259299 45.100204 -0.007953 0.017303 -0.785856 0.618116
72.662582 -105.246339 45.043029 -0.006918 0.017768 -0.625415 0.780059
72.723879 -106.243930 45.049996 -0.004158 0.016801 -0.663064 0.748363
72.749361 -107.307380 45.058053 -0.004060 0.016922 -0.683241 0.729985
72.723477 -108.335442 45.039402 -0.003299 0.017664 -0.692569 0.721127
72.697971 -109.376018 44.995039 -0.007770 0.019813 -0.693840 0.719814
72.662779 -110.412004 44.966021 -0.006463 0.019519 -0.696573 0.717191
72.631717 -111.447153 44.940920 -0.007884 0.019990 -0.694408 0.719260
72.598607 -112.481474 44.949128 -0.008474 0.019187 -0.693307 0.720337
72.586680 -113.527617 44.931958 -0.006138 0.023606 -0.687563 0.725715
72.578787 -114.595834 44.906167 -0.006313 0.021190 -0.690127 0.723351
72.577781 -115.625380 44.883870 -0.003694 0.022528 -0.685050 0.728138
72.611272 -116.664484 44.863990 -0.008801 0.022105 -0.686115 0.727104
72.608407 -117.736416 44.865875 -0.006821 0.022846 -0.685278 0.727891
72.592671 -118.784711 44.874409 -0.008265 0.026572 -0.689911 0.723359
72.582917 -119.817312 44.863966 -0.006167 0.025971 -0.691380 0.721998
72.555573 -120.835675 44.836090 -0.011113 0.022629 -0.687302 0.725934
72.540691 -121.876965 44.833972 -0.008446 0.020679 -0.690291 0.723187
72.540500 -122.953079 44.789249 -0.004646 0.020870 -0.691093 0.722449
72.570272 -123.975498 44.792588 -0.009980 0.020168 -0.693715 0.719898
72.526947 -124.993945 44.806187 -0.006382 0.020237 -0.694025 0.719638
72.552496 -126.044975 44.802575 -0.000611 0.026104 -0.693346 0.720132
72.559277 -127.044709 44.750280 -0.002654 0.025198 -0.694453 0.719092
72.513878 -128.066999 44.747885 -0.000887 0.020661 -0.695909 0.717832
72.493676 -129.107782 44.760014 -0.006013 0.019312 -0.692895 0.720755
72.542978 -130.151252 44.827914 -0.006752 0.024165 -0.689868 0.723500
72.564986 -131.174006 44.842004 -0.005007 0.022671 -0.687714 0.725610
72.539595 -132.202254 44.793570 -0.004923 0.022807 -0.689250 0.724148
72.546201 -133.258264 44.701465 -0.007276 0.024394 -0.689920 0.723437
72.506595 -134.303413 44.761732 -0.006955 0.023408 -0.686642 0.726585
72.523855 -135.310874 44.783953 -0.010839 0.022981 -0.687835 0.725422
72.506589 -136.350364 44.696878 -0.007215 0.020752 -0.683337 0.729773
72.532675 -137.360643 44.654432 -0.006345 0.023063 -0.681880 0.731073
72.549881 -138.366226 44.683356 -0.007449 0.022482 -0.685332 0.727845
72.598552 -139.416537 44.691540 -0.010174 0.020405 -0.685841 0.727394
72.602934 -140.484872 44.698686 -0.012722 0.026200 -0.683768 0.729118
72.583974 -141.559473 44.682507 -0.008896 0.029048 -0.680477 0.732139
72.553125 -142.605947 44.683442 -0.008045 0.027411 -0.681649 0.731122
72.578902 -143.621022 44.656267 -0.014011 0.024975 -0.687091 0.726006
72.606296 -144.681225 44.654413 -0.011099 0.018100 -0.683250 0.729876
72.609508 -145.719511 44.649857 -0.010533 0.019199 -0.680766 0.732174
72.621171 -146.728870 44.650734 -0.010191 0.022853 -0.681181 0.731687
72.614790 -147.755178 44.641979 -0.010756 0.027092 -0.684689 0.728252
72.636958 -148.811165 44.627488 -0.009755 0.020119 -0.687322 0.726009
72.635380 -149.828443 44.637615 -0.002856 0.025200 -0.683387 0.729616
72.634399 -150.852371 44.651823 -0.010640 0.024069 -0.684320 0.728706
72.657462 -151.870298 44.675211 -0.009212 0.022722 -0.689413 0.723954
72.673494 -152.936257 44.669270 -0.009166 0.028663 -0.688408 0.724699
72.645601 -153.982042 44.685245 -0.008703 0.018707 -0.691954 0.721647
72.642054 -155.026709 44.681099 -0.007296 0.026164 -0.690503 0.722819
72.630362 -156.116910 44.608982 -0.014291 0.020948 -0.688850 0.724460
72.659775 -157.151259 44.603904 -0.012019 0.019820 -0.686720 0.726552
72.726885 -158.228419 44.572579 -0.010395 0.020034 -0.688142 0.725225
72.711764 -159.234859 44.568363 -0.011066 0.024031 -0.686315 0.726823
72.720540 -160.247797 44.554315 -0.014919 0.023546 -0.686584 0.726516
72.693029 -161.304715 44.561501 -0.013706 0.021145 -0.690357 0.723030
72.663189 -162.390294 44.595532 -0.009867 0.022541 -0.691733 0.721734
72.687597 -163.427177 44.598865 -0.010056 0.023523 -0.686294 0.726874
72.684508 -164.476108 44.638892 -0.016699 0.025147 -0.684468 0.728417
72.726110 -165.523610 44.617756 -0.013746 0.031384 -0.680954 0.731524
72.738064 -166.575330 44.575451 -0.011558 0.035343 -0.677654 0.734441
72.781375 -167.635742 44.563176 -0.017681 0.029741 -0.673832 0.738074
72.788436 -168.703248 44.568700 -0.007499 0.024399 -0.682910 0.730056
72.794732 -169.703906 44.540287 -0.005478 0.021187 -0.681876 0.731141
72.823398 -170.746154 44.501145 -0.008912 0.026198 -0.674913 0.737379
72.856390 -171.774730 44.489485 -0.007745 0.019599 -0.676418 0.736217
72.894960 -172.820216 44.457244 -0.011683 0.020086 -0.677209 0.735424
72.928238 -173.833567 44.460997 -0.014185 0.022116 -0.676397 0.736069
72.977688 -174.880505 44.476692 -0.010409 0.025320 -0.676516 0.735919
73.038076 -175.894859 44.419100 -0.007978 0.026217 -0.681338 0.731456
73.077057 -176.943717 44.401327 -0.013557 0.025888 -0.685633 0.727361
73.066363 -178.001442 44.413410 -0.013592 0.019215 -0.686345 0.726895
73.066410 -179.027396 44.435729 -0.012335 0.019698 -0.682799 0.730237
73.068109 -180.040028 44.457688 -0.012631 0.018931 -0.684850 0.728328
73.091263 -181.092232 44.454931 -0.011118 0.023362 -0.684187 0.728847
73.059964 -182.168505 44.442330 -0.005188 0.016697 -0.678256 0.734618
73.070440 -183.182084 44.462247 -0.014727 0.016187 -0.679212 0.733616
73.078290 -184.181804 44.480271 -0.014563 0.015155 -0.681247 0.731752
73.170405 -185.234889 44.466894 -0.010989 0.013161 -0.661016 0.750176
73.377318 -186.253334 44.448302 -0.015950 0.017962 -0.636398 0.770987
73.687875 -187.273030 44.453066 -0.006177 0.021397 -0.579077 0.814969
74.175599 -187.941096 44.473966 -0.006836 0.022045 -0.502978 0.863991
74.417956 -188.088460 44.467463 -0.002873 0.021015 -0.448653 0.893454
74.845213 -188.988048 44.434029 -0.005629 0.016511 -0.483029 0.875430
75.336297 -189.866701 44.384360 -0.008193 0.018749 -0.481175 0.876386
75.851116 -190.757208 44.351267 -0.012752 0.021357 -0.471882 0.881311
76.372049 -191.674799 44.303513 -0.004118 0.022574 -0.472336 0.881120
76.859811 -192.559697 44.327114 -0.004213 0.021146 -0.471722 0.881484
77.380984 -193.459863 44.378313 -0.008302 0.018243 -0.466046 0.884533
77.900019 -194.356029 44.365224 -0.004830 0.024285 -0.462138 0.886462
78.453990 -195.230157 44.361868 -0.005296 0.021730 -0.466261 0.884365
79.020983 -196.055961 44.404519 -0.007825 0.020393 -0.465548 0.884753
79.576611 -196.901304 44.422225 -0.009928 0.018496 -0.464414 0.885369
80.071733 -197.768494 44.426500 -0.009175 0.018617 -0.460526 0.887404
80.590709 -198.620837 44.373211 -0.008382 0.017907 -0.462820 0.886232
81.148273 -199.476044 44.424409 -0.003054 0.023587 -0.462628 0.886233
81.674833 -200.381752 44.377756 -0.003460 0.020799 -0.458524 0.888432
82.211271 -201.243007 44.327071 -0.003297 0.017084 -0.464175 0.885573
82.764698 -202.082766 44.367687 -0.004587 0.012198 -0.463958 0.885761
83.290828 -202.949653 44.350913 -0.003009 0.018326 -0.464549 0.885353
83.835204 -203.849825 44.310814 -0.004277 0.019690 -0.463958 0.885628
84.417690 -204.744043 44.234362 -0.010080 0.018309 -0.464620 0.885264
84.950204 -205.591802 44.239600 -0.005891 0.019847 -0.459923 0.887717
85.480016 -206.476883 44.174929 0.000136 0.018584 -0.468443 0.883298
86.032793 -207.386213 44.141896 0.000606 0.014680 -0.468370 0.883410
86.562295 -208.188521 44.166124 0.000917 0.014821 -0.466686 0.884298
87.065577 -209.070640 44.192206 0.000151 0.018104 -0.478313 0.878003
87.561055 -209.983755 44.154146 -0.001576 0.016148 -0.475519 0.879556
88.158121 -210.820579 44.095393 0.000063 0.019871 -0.464536 0.885331
88.704179 -211.686402 44.033292 0.003265 0.019994 -0.478842 0.877667
89.075849 -212.064975 44.059639 -0.000134 0.022428 -0.388335 0.921245
89.773719 -212.843964 44.061747 0.000601 0.022204 -0.382796 0.923566
90.465401 -213.609940 44.064773 0.002186 0.024412 -0.374950 0.926721
91.075959 -214.453734 44.030765 -0.000263 0.020367 -0.397198 0.917507
91.358350 -215.443157 44.040233 -0.000865 0.018186 -0.530273 0.847632
91.759445 -216.351518 44.025138 0.000466 0.014663 -0.500564 0.865575
92.250180 -217.252373 43.992598 0.002102 0.013445 -0.485616 0.874066
92.786039 -218.184749 43.959174 0.003488 0.012561 -0.484681 0.874594
93.347902 -219.093227 43.971386 0.000431 0.011892 -0.484129 0.874916
93.848786 -219.994202 43.964589 0.008997 0.006652 -0.488552 0.872463
94.309387 -220.828050 43.965224 0.013813 0.004524 -0.493977 0.869354
94.817114 -220.886787 43.966188 0.014291 -0.003208 -0.321367 0.946842
95.694919 -221.456423 43.940606 0.014132 -0.001987 -0.283342 0.958913
96.513171 -222.057852 43.983000 0.011654 0.002632 -0.294782 0.955490
97.165008 -222.892912 44.013967 0.009745 0.004639 -0.391952 0.919922
97.583515 -223.899924 43.985042 0.004708 0.005570 -0.502692 0.864435
98.063397 -224.863215 43.936166 0.002137 0.001733 -0.497865 0.867250
98.568941 -225.824188 43.906728 0.006107 0.003454 -0.495691 0.868471
99.068042 -226.789892 43.895423 0.004149 0.000713 -0.491345 0.870955
99.681523 -227.677336 43.882118 0.000421 0.006317 -0.461737 0.886994
100.250829 -228.547310 43.893898 -0.000566 0.002214 -0.465078 0.885267
100.763142 -229.419676 43.954004 0.000757 0.010104 -0.461305 0.887184
101.314853 -230.282903 43.954511 0.000340 0.008596 -0.462717 0.886464
101.877077 -231.134365 43.934330 -0.003351 0.006516 -0.458905 0.888455
102.450959 -232.012274 43.911911 0.003885 0.001903 -0.459320 0.888260
102.996811 -232.848364 43.902537 0.001480 0.002298 -0.462975 0.886367
103.533852 -233.779366 43.948866 0.002369 0.001149 -0.463054 0.886326
104.092743 -234.659517 43.995177 0.002825 0.006711 -0.458460 0.888685
104.632987 -235.535001 44.010711 0.003321 0.007199 -0.462136 0.886773
105.188346 -236.409659 43.995235 0.002689 0.004033 -0.462940 0.886376
105.768597 -237.312867 44.011719 0.004166 0.003312 -0.461419 0.887167
106.299840 -238.188124 43.995802 0.005624 0.011503 -0.459054 0.888316
106.823734 -239.071836 43.973787 0.004382 0.003103 -0.464385 0.885617
107.348226 -239.933593 43.957223 0.002741 0.001217 -0.469828 0.882753
107.858130 -240.795901 43.955944 0.007529 -0.002122 -0.477152 0.878786
108.395505 -241.712591 44.005164 0.002703 0.002353 -0.473056 0.881025
108.931184 -242.574212 43.991029 -0.002768 -0.001226 -0.470987 0.882135
109.453666 -243.479781 44.024522 -0.004333 -0.001642 -0.469521 0.882909
110.012822 -244.344452 43.962588 -0.000266 0.000386 -0.470419 0.882443
110.535237 -245.241393 43.960496 0.001973 0.002821 -0.470915 0.882172
111.097111 -246.118916 44.003276 -0.002902 -0.001042 -0.471233 0.882003
111.633116 -246.971072 44.034954 -0.001868 0.001985 -0.465826 0.884872
112.187855 -247.886708 44.032985 0.002662 0.003077 -0.461353 0.887207
112.719798 -248.772290 44.049938 0.002881 0.003945 -0.461794 0.886974
113.279503 -249.672930 44.074610 0.003188 0.000744 -0.462278 0.886729
113.799172 -250.583390 44.128547 0.004420 0.001893 -0.464192 0.885721
114.378507 -251.508566 44.118830 0.002741 -0.001663 -0.461328 0.887224
114.915000 -252.368270 44.168360 0.004792 -0.001297 -0.460346 0.887725
115.465024 -253.212864 44.147623 0.006358 -0.004506 -0.458311 0.888758
116.034109 -254.063431 44.167584 0.009736 -0.005742 -0.461043 0.887306
116.605835 -254.935357 44.138370 0.008166 -0.006363 -0.451973 0.891972
117.178952 -255.837598 44.163001 0.007748 -0.008211 -0.451215 0.892344
117.721669 -256.686490 44.166915 0.005159 -0.005461 -0.451697 0.892140
118.279296 -257.542802 44.207716 0.008557 -0.000896 -0.446956 0.894515
118.851076 -258.436821 44.266421 0.010225 -0.004935 -0.448341 0.893791
119.426001 -259.307747 44.317699 0.009862 -0.010783 -0.446411 0.894709
119.998796 -260.180437 44.333154 0.012532 -0.010322 -0.443207 0.896272
120.619865 -261.078564 44.305505 0.015416 -0.005318 -0.442955 0.896395
121.218516 -261.956704 44.263589 0.014953 -0.008177 -0.444537 0.895598
121.795328 -262.775918 44.270471 0.012360 -0.009527 -0.447030 0.894383
122.382474 -263.623720 44.225233 0.014808 -0.003540 -0.453277 0.891239
122.932936 -264.453447 44.267734 0.012537 -0.005275 -0.447952 0.893954
123.543716 -265.305914 44.263580 0.008003 -0.005447 -0.444045 0.895952
124.108643 -266.192105 44.310165 0.011475 0.000200 -0.441733 0.897073
124.704889 -267.019132 44.318433 0.005423 -0.004466 -0.436908 0.899479
125.314455 -267.850148 44.328525 0.007460 -0.004918 -0.435373 0.900206
125.926135 -268.714347 44.371489 0.012171 -0.001156 -0.434772 0.900458
126.536768 -269.598847 44.361493 0.011263 -0.004551 -0.434738 0.900475
127.143957 -270.473807 44.387554 0.008251 -0.008424 -0.435763 0.899984
127.773248 -271.326388 44.408124 0.010993 -0.010509 -0.434224 0.900676
128.407009 -272.177249 44.399377 0.006969 -0.009180 -0.438661 0.898579
129.033355 -273.016656 44.433733 0.005406 -0.011258 -0.433107 0.901256
129.655481 -273.846692 44.434822 0.001175 -0.005989 -0.427868 0.903821
130.201747 -274.685569 44.439414 -0.000570 -0.012067 -0.433938 0.900862
130.820387 -275.491791 44.439019 0.004371 -0.002850 -0.425871 0.904769
131.351957 -276.340968 44.499585 0.011730 0.005043 -0.419648 0.907597
131.941267 -277.144521 44.465869 0.007682 0.000433 -0.413131 0.910639
132.557237 -277.930406 44.462875 0.003140 0.002187 -0.407151 0.913353
133.212459 -278.700933 44.464418 0.001460 0.004583 -0.402274 0.915507
133.672000 -279.582815 44.461829 0.002437 0.001801 -0.478534 0.878064
133.784631 -280.614274 44.458064 -0.000704 0.005012 -0.627261 0.778793
133.752544 -280.977588 44.450564 0.001837 0.003313 -0.679535 0.733633
133.345595 -280.881672 44.419666 0.002350 0.007623 -0.847627 0.530532
133.008330 -280.590583 44.390515 0.004179 0.006255 -0.956750 0.290815
132.844084 -280.198021 44.375429 0.003214 0.007920 -0.999377 0.034230
132.894007 -279.965592 44.429595 -0.000768 -0.008062 0.994727 0.102242
133.056598 -279.665309 44.452229 0.000128 -0.007204 0.934773 0.355173
133.039975 -279.419798 44.464691 -0.000027 -0.005824 0.913081 0.407737
132.252250 -278.834025 44.443207 -0.001646 -0.012139 0.929319 0.369074
131.598423 -278.041278 44.433619 -0.008745 -0.019713 0.920298 0.390622
130.955487 -277.268746 44.403360 -0.004966 -0.022644 0.917547 0.396952
130.274427 -276.478717 44.434150 -0.014483 -0.026867 0.915054 0.402175
129.589057 -275.745344 44.399792 -0.023327 -0.033945 0.912965 0.405955
129.060523 -275.011819 44.401124 -0.015900 -0.035953 0.911091 0.410327
129.290442 -274.808055 44.397604 -0.014122 -0.034879 0.797070 0.602713
129.544891 -273.867133 44.432929 -0.012363 -0.010848 0.701251 0.712725
129.550230 -272.885440 44.427325 -0.006495 -0.006768 0.747218 0.664513
129.009099 -272.201983 44.430975 -0.009814 -0.005469 0.883583 0.468139
128.252714 -271.531772 44.435733 -0.010452 -0.005987 0.915049 0.403162
127.592681 -270.716980 44.423728 -0.007059 -0.006216 0.906085 0.422991
127.511462 -269.826190 44.359736 -0.006501 -0.001459 0.816872 0.576780
127.214695 -270.036575 44.380898 -0.006799 -0.001859 0.935353 0.353645
126.439327 -269.531392 44.372624 -0.002837 -0.006418 0.935692 0.352749
125.774456 -268.797087 44.366308 -0.000159 -0.008720 0.931328 0.364076
125.076429 -268.044504 44.331434 -0.000058 -0.011404 0.926021 0.377301
124.436689 -267.250360 44.316840 -0.004088 -0.003412 0.920885 0.389799
123.798256 -266.493588 44.261522 0.006021 0.001685 0.916333 0.400369
123.195720 -265.682728 44.257303 -0.000750 -0.000974 0.916567 0.399879
122.662167 -265.154724 44.391389 -0.002622 -0.004474 0.912502 0.409039
122.984380 -264.921483 44.278953 -0.003406 -0.003852 0.821564 0.570093
122.644554 -263.898641 44.281811 -0.002894 -0.002214 0.820815 0.571183
122.237753 -262.979396 44.312518 -0.000268 -0.002669 0.852518 0.522690
121.600362 -262.204410 44.278763 -0.004368 -0.006678 0.897618 0.440702
120.906728 -261.473769 44.309644 -0.002016 -0.006324 0.913465 0.406864
120.249962 -260.566312 44.245379 -0.001007 -0.007126 0.896094 0.443806
119.775765 -259.601396 44.230496 -0.003549 -0.001769 0.871737 0.489958
119.308900 -258.703686 44.206064 -0.005362 -0.000759 0.874138 0.485647
118.748363 -257.811969 44.276412 -0.000770 0.001443 0.877331 0.479882
118.202104 -256.877859 44.235312 0.004133 0.000860 0.879374 0.476113
117.681431 -255.933035 44.188724 0.001052 0.004278 0.879859 0.475214
117.159452 -255.065689 44.253867 -0.001094 0.002003 0.881798 0.471622
116.605032 -254.198523 44.222013 0.000725 0.002475 0.882774 0.469791
116.053614 -253.289845 44.188210 -0.000960 -0.000796 0.885527 0.464586
115.481587 -252.392515 44.153580 -0.000313 0.001578 0.885926 0.463823
114.875826 -251.479420 44.119600 0.001877 0.001489 0.887388 0.461016
114.335423 -250.561935 44.092602 0.004742 0.002757 0.888839 0.458186
113.849913 -249.573419 44.052484 0.004561 0.001903 0.865520 0.500851
113.394305 -248.671510 44.045214 0.006356 0.001003 0.866809 0.498599
112.868378 -247.810642 44.035964 0.005378 -0.000840 0.875344 0.483470
112.364022 -246.870972 44.033107 0.003372 0.002036 0.875502 0.483199
111.804068 -245.911872 43.990460 0.003315 0.003105 0.875809 0.482637
111.257415 -244.949444 43.985666 0.002584 0.002748 0.875859 0.482552
110.738143 -244.001022 43.966070 0.003448 0.006537 0.876121 0.482034
110.172578 -243.128840 43.987227 0.003450 0.008155 0.883763 0.467850
109.598898 -242.210861 44.006256 0.001555 0.005836 0.885294 0.464993
109.083951 -241.344815 43.986950 0.006999 0.002010 0.886391 0.462880
108.503491 -240.472951 44.005363 0.000059 -0.000489 0.889993 0.455973
107.920299 -239.624671 43.970127 0.000071 -0.005778 0.894580 0.446871
107.327753 -238.817207 43.958884 0.000933 -0.005566 0.897103 0.441785
106.796634 -237.935619 43.966080 0.005165 -0.005605 0.889177 0.457501
106.331828 -236.990905 44.011920 0.007899 -0.003502 0.876147 0.481967
105.829086 -236.076982 44.020648 0.008226 0.000665 0.872381 0.488757
105.312964 -235.172609 44.032491 0.002595 -0.005775 0.875778 0.482673
104.783303 -234.280944 44.009951 0.004195 -0.005940 0.878072 0.478473
104.241819 -233.401245 44.004003 0.002322 -0.004871 0.879174 0.476470
103.724131 -232.486185 43.912352 0.003163 -0.000794 0.882042 0.471159
103.122000 -231.598501 43.909738 0.005160 -0.000186 0.893374 0.449285
102.450402 -230.788443 43.908036 0.003329 -0.001062 0.912296 0.409517
101.833057 -229.985376 43.877364 0.005325 -0.005493 0.911488 0.411256
101.283452 -229.118927 43.902685 0.003675 -0.007877 0.886555 0.462541
100.797959 -228.218974 43.931318 0.000236 -0.004227 0.874460 0.485080
100.208807 -227.411249 43.877872 0.001177 -0.002093 0.900704 0.434426
99.606036 -226.569413 43.898207 0.007093 -0.007028 0.902754 0.430041
98.993923 -225.675322 43.895905 0.001585 -0.005218 0.898574 0.438787
98.451569 -224.824917 43.953625 0.000955 -0.004827 0.884286 0.466919
97.975810 -223.935169 44.037864 0.000570 -0.006673 0.873486 0.486803
97.405116 -223.076885 44.078324 -0.000883 -0.013490 0.884870 0.465642
96.827185 -222.265372 44.066274 0.004517 -0.013756 0.888350 0.458938
96.320032 -221.381396 44.041546 0.008115 -0.012505 0.893011 0.449788
95.750150 -220.531730 43.991239 0.000328 -0.018122 0.892217 0.451243
95.184873 -219.698786 44.008044 -0.000720 -0.015995 0.890150 0.455387
94.658859 -218.822288 44.017952 0.000051 -0.014660 0.891778 0.452236
94.067601 -217.907082 43.986845 0.000918 -0.014920 0.889335 0.457011
93.499644 -216.983619 43.987128 0.006033 -0.020032 0.888646 0.458115
92.936964 -216.063388 44.001488 -0.001767 -0.019197 0.889969 0.455612
92.346133 -215.180659 44.011774 0.008567 -0.020064 0.893056 0.449417
91.762759 -214.363096 44.037210 0.003707 -0.021024 0.906363 0.421961
91.135215 -213.551686 44.061214 0.006013 -0.022586 0.910733 0.412335
90.480493 -212.697161 44.052519 0.012471 -0.022782 0.910619 0.412430
89.850133 -211.861945 44.011285 0.011934 -0.023589 0.907001 0.420297
89.245278 -211.025563 44.040538 0.010541 -0.025228 0.905503 0.423458
88.681973 -210.206633 44.072472 0.005471 -0.023799 0.895186 0.445023
88.011823 -209.350442 44.181524 0.003279 -0.024572 0.896375 0.442603
87.454229 -208.502405 44.211005 0.001122 -0.025956 0.897832 0.439571
86.836916 -207.688832 44.281283 0.005146 -0.021608 0.899446 0.436467
86.245239 -206.851882 44.238954 0.005071 -0.020687 0.902965 0.429186
85.645753 -206.025650 44.229312 0.005928 -0.022152 0.904890 0.425027
85.102901 -205.184447 44.261685 0.003349 -0.020634 0.892005 0.451543
84.596567 -204.299980 44.234250 0.006113 -0.015820 0.885530 0.464273
84.040377 -203.423086 44.250822 0.009214 -0.019391 0.885701 0.463759
83.460508 -202.549391 44.250808 0.005289 -0.019298 0.886984 0.461367
82.903259 -201.698850 44.296335 -0.000559 -0.019135 0.888343 0.458781
82.347447 -200.824677 44.300214 0.002824 -0.023032 0.886893 0.461392
81.785874 -199.945868 44.353472 0.003807 -0.021260 0.885434 0.464264
81.222171 -199.036340 44.416560 0.008228 -0.017020 0.886042 0.463220
80.696481 -198.126744 44.419224 0.002905 -0.014878 0.883523 0.468142
80.171026 -197.280148 44.413367 0.003045 -0.014316 0.882244 0.470565
79.589907 -196.364125 44.397488 0.006974 -0.015072 0.883170 0.468760
79.093923 -195.434465 44.411922 0.010045 -0.018377 0.879908 0.474682
78.533709 -194.505112 44.293780 0.011534 -0.021731 0.879886 0.474547
78.025388 -193.636685 44.289577 0.004787 -0.022740 0.880639 0.473218
77.527127 -192.756917 44.371026 0.005699 -0.012686 0.877847 0.478740
77.111058 -191.797048 44.377434 0.005489 -0.015878 0.859164 0.511425
76.703319 -190.803655 44.386644 0.006195 -0.018393 0.852060 0.523084
76.335830 -189.864902 44.383080 0.004825 -0.010823 0.842752 0.538172
75.966234 -188.810778 44.461175 0.004465 -0.010403 0.832089 0.554526
75.628972 -187.849633 44.493460 0.014769 -0.011407 0.830778 0.556291
75.267947 -186.836287 44.486792 0.010389 -0.004357 0.827557 0.561269
74.959863 -185.886032 44.462688 0.007661 -0.003424 0.823133 0.567787
74.660198 -184.858709 44.474275 0.007332 0.000932 0.818696 0.574180
74.376029 -183.830179 44.450630 0.012243 0.000047 0.819307 0.573224
74.070640 -182.801316 44.447829 0.001726 0.002288 0.822458 0.568818
73.802109 -181.839236 44.435535 0.011367 -0.004327 0.822989 0.567927
73.639311 -180.825868 44.446900 0.003566 -0.001441 0.796803 0.604227
73.597890 -179.786263 44.448196 0.009105 0.000201 0.760618 0.649136
73.512910 -178.797990 44.428119 0.008779 0.001386 0.749941 0.661446
73.456192 -177.786361 44.416081 0.006728 0.001602 0.736484 0.676419
73.448384 -176.770556 44.405902 0.004720 -0.004113 0.723318 0.690486
73.464581 -175.770718 44.381765 0.011712 -0.007824 0.728312 0.685101
73.409971 -174.726597 44.435159 0.011191 -0.007024 0.729072 0.684309
73.354133 -173.730215 44.454432 0.003807 -0.002879 0.735849 0.677129
73.304978 -172.677808 44.508213 0.003026 -0.003741 0.733582 0.679584
73.283807 -171.632879 44.508156 0.005391 -0.009025 0.730464 0.682870
73.254293 -170.580394 44.499371 0.003448 -0.008335 0.736622 0.676245
73.176387 -169.546576 44.539991 0.006184 -0.010397 0.742453 0.669789
73.167978 -168.493171 44.559352 0.002793 -0.010150 0.740062 0.672457
73.122055 -167.474081 44.581358 0.005469 -0.006430 0.736746 0.676117
73.077287 -166.441534 44.592858 0.015860 -0.009348 0.738136 0.674401
73.038202 -165.411529 44.606800 0.011111 -0.009441 0.735081 0.677823
73.020831 -164.351388 44.597986 0.010312 0.002399 0.738779 0.673865
72.991746 -163.284287 44.575577 0.013611 -0.002269 0.732235 0.680913
72.977203 -162.281314 44.561447 0.007231 -0.005543 0.732374 0.680842
72.930799 -161.260699 44.549101 0.002812 -0.002028 0.733919 0.679229
72.905553 -160.237443 44.565643 0.006757 -0.001421 0.732282 0.680966
72.897069 -159.234093 44.577758 0.006536 -0.004765 0.733273 0.679886
72.864872 -158.182834 44.608796 0.002765 -0.005820 0.732214 0.681044
72.798721 -157.142176 44.615272 0.003488 -0.008792 0.739269 0.673344
72.756299 -156.053102 44.603048 0.000954 -0.006159 0.744245 0.667877
72.762417 -155.061585 44.632763 0.006142 -0.009650 0.721838 0.691967
72.810878 -154.020955 44.631659 0.006521 -0.014219 0.713305 0.700679
72.818062 -153.017878 44.643603 0.002705 -0.009402 0.716599 0.697417
72.847130 -151.955512 44.683042 0.010596 -0.011643 0.717566 0.696313
72.838338 -150.891419 44.636526 0.003731 -0.008774 0.725097 0.688580
72.843566 -149.800357 44.631557 0.006477 -0.012303 0.728821 0.684563
72.844442 -148.759019 44.604205 0.000416 -0.010479 0.729994 0.683373
72.813897 -147.676895 44.634258 0.005477 -0.010710 0.733809 0.679250
72.792682 -146.653494 44.640573 0.007288 -0.005249 0.736348 0.676543
72.779851 -145.629022 44.642307 0.003051 -0.005850 0.740153 0.672406
72.741367 -144.618432 44.619481 0.001506 -0.005740 0.733813 0.679326
72.768497 -143.531685 44.639232 0.002006 -0.008450 0.721759 0.692090
72.757425 -142.474426 44.678835 0.007003 -0.009277 0.723022 0.690727
72.770728 -141.371586 44.706726 0.006674 -0.012238 0.726558 0.686964
72.778811 -140.352913 44.687734 0.005794 -0.008576 0.729151 0.684275
72.755975 -139.290763 44.643360 0.004167 -0.008167 0.728615 0.684862
72.746634 -138.243778 44.638369 0.000269 -0.013011 0.730327 0.682974
72.745569 -137.189109 44.652850 -0.000170 -0.015276 0.731722 0.681432
72.707053 -136.134071 44.719337 0.000700 -0.015138 0.731843 0.681305
72.683293 -135.099811 44.726005 -0.002641 -0.012015 0.729631 0.683730
72.715424 -134.078736 44.768942 0.000377 -0.012739 0.730446 0.682852
72.703890 -133.072613 44.763753 0.000197 -0.015431 0.720734 0.693039
72.711176 -132.019274 44.756409 0.001558 -0.017151 0.725539 0.687965
72.673787 -130.984088 44.755107 -0.001075 -0.018096 0.729757 0.683466
72.663734 -129.957038 44.783915 -0.001845 -0.016413 0.730284 0.682944
72.699633 -128.907135 44.781295 -0.003579 -0.016733 0.717104 0.696756
72.723955 -127.847524 44.718752 -0.003098 -0.023224 0.714453 0.699291
72.745888 -126.777448 44.765156 -0.000865 -0.023564 0.715807 0.697899
72.763275 -125.699703 44.795961 0.003306 -0.023248 0.717428 0.696237
72.775739 -124.613640 44.800993 -0.001544 -0.013808 0.718944 0.694930
72.743700 -123.543692 44.784924 -0.002258 -0.012002 0.722591 0.691168
72.712690 -122.505147 44.838688 -0.000047 -0.015162 0.723780 0.689864
72.746271 -121.494644 44.855535 0.001182 -0.011880 0.726201 0.687379
72.717885 -120.434447 44.852602 0.002502 -0.011608 0.728384 0.685067
72.743483 -119.428057 44.865964 0.004194 -0.012944 0.731301 0.681919
72.711102 -118.355715 44.877867 0.005607 -0.011794 0.734432 0.678557
72.689003 -117.322123 44.911045 0.003285 -0.011694 0.732719 0.680423
72.642054 -116.264235 44.902217 -0.000020 -0.012279 0.738041 0.674644
72.586776 -115.193713 44.901618 0.006596 -0.013236 0.740033 0.672407
72.579874 -114.133173 44.922004 -0.000104 -0.014905 0.728169 0.685236
72.657720 -113.121826 44.965737 0.004820 -0.009935 0.718041 0.695913
72.733154 -112.117881 44.970120 0.003589 -0.005797 0.703328 0.710832
72.856523 -111.129375 44.989349 0.006303 -0.005522 0.690608 0.723180
72.981533 -110.142699 45.034470 0.006618 -0.004663 0.680256 0.732930
73.116937 -109.070437 45.046997 0.006765 -0.005856 0.680976 0.732251
73.238712 -107.994352 45.050944 0.004218 -0.007681 0.683981 0.729447
73.373686 -106.935414 45.072568 0.006517 -0.004791 0.683205 0.730182
73.498179 -105.911170 45.065682 0.007401 0.001620 0.682594 0.730759
73.721415 -104.916514 45.049638 0.012321 0.004899 0.650358 0.759512
74.162012 -104.018170 45.059113 0.013277 0.000396 0.577893 0.816004
74.755395 -103.163845 45.039193 0.008109 0.009789 0.490008 0.871625
75.501440 -102.498216 45.018489 0.009454 0.008858 0.394612 0.918757
76.392404 -101.901765 45.011807 0.006822 0.010201 0.318070 0.947988
77.325783 -101.489511 44.996181 0.005030 -0.000070 0.243922 0.969782
78.355639 -101.209020 44.964843 -0.000232 0.003597 0.166899 0.985967
79.378608 -101.047168 44.945911 -0.002484 0.004195 0.107149 0.994231
80.378061 -100.967200 44.961187 -0.002674 0.002790 0.079535 0.996825
81.455511 -100.888345 44.929210 0.000577 0.003702 0.082352 0.996596
82.453595 -100.749302 44.911803 -0.001309 0.000634 0.085875 0.996305
83.262893 -100.318559 44.903198 -0.004650 -0.002897 0.291869 0.956443
83.632017 -99.398858 44.900103 -0.001425 -0.002658 0.510519 0.859861
83.857905 -98.368931 44.928531 -0.001134 -0.005004 0.617455 0.786590
84.151784 -97.377926 44.919689 0.000515 0.000273 0.625000 0.780625
84.223963 -96.368097 44.900747 0.001322 -0.002367 0.688977 0.724778
84.213116 -95.277952 44.907442 -0.000076 -0.005444 0.727688 0.685886
83.800123 -94.367316 44.905931 -0.000167 -0.006372 0.839246 0.543715
82.980955 -93.690271 44.900928 -0.002278 -0.007060 0.931128 0.364618
82.420959 -93.236126 44.880367 -0.003739 -0.005068 0.937903 0.346841
81.683531 -92.572307 44.870410 -0.004038 -0.005560 0.942858 0.333124
80.881783 -91.929243 44.860060 -0.005945 -0.004185 0.949453 0.313824
80.058098 -91.292712 44.853713 0.001460 -0.002354 0.956909 0.290373
79.214697 -90.748156 44.834345 0.008000 -0.003310 0.962631 0.270680
78.322715 -90.183782 44.863371 0.009413 0.000967 0.968447 0.249039
77.419488 -89.678812 44.858854 0.003835 0.001609 0.973086 0.230406
76.479437 -89.151992 44.830787 0.000941 -0.003705 0.974607 0.223889
75.559912 -88.680203 44.818934 -0.000421 0.003671 0.977084 0.212821
74.663995 -88.209243 44.793111 -0.003533 0.000243 0.978192 0.207671
73.748333 -87.749389 44.783688 -0.002887 0.002715 0.979152 0.203092
72.938549 -87.369891 44.721009 0.002396 -0.000609 0.977923 0.208952
72.055979 -86.884692 44.714485 -0.007884 0.002008 0.978820 0.204563
71.348064 -86.523224 44.734150 -0.003892 -0.001548 0.979431 0.201738
70.386606 -86.074750 44.758989 -0.001677 -0.001840 0.979428 0.201777
69.448560 -85.637468 44.741620 -0.008266 -0.010552 0.980107 0.198019
68.652835 -85.281005 44.692122 -0.009925 -0.021299 0.979508 0.200028
68.382445 -85.153736 44.646766 0.011661 -0.032568 0.979829 0.196820
67.404900 -84.776903 44.742339 0.011222 -0.006112 0.985724 0.167886
66.680727 -84.307984 44.759576 0.011541 -0.003835 0.977657 0.209854
65.791294 -83.839611 44.824521 0.020840 -0.010085 0.978105 0.206822
64.847347 -83.372315 44.849681 0.018316 -0.011671 0.978386 0.205641
63.909956 -82.895526 44.905644 0.028160 -0.008847 0.978613 0.203581
62.942452 -82.471023 44.917271 0.019400 -0.006107 0.979839 0.198751
62.028488 -82.016509 44.927872 0.018125 -0.007812 0.980648 0.194783
61.059900 -81.620647 44.961679 0.020564 -0.010623 0.982163 0.186603
60.117839 -81.199432 44.949381 0.012368 -0.012077 0.983464 0.180276
59.183670 -80.802461 44.962002 0.021781 -0.013115 0.984176 0.175357
58.252702 -80.356792 44.983355 0.018130 -0.011971 0.983279 0.180805
57.307159 -79.934698 45.012140 0.023941 -0.011434 0.983774 0.177442
56.359635 -79.542043 45.060021 0.023419 -0.015375 0.983748 0.177354
55.377920 -79.160460 45.093310 0.018844 -0.015779 0.984471 0.173818
54.399443 -78.746919 45.113085 0.020839 -0.015931 0.983446 0.179294
53.463572 -78.351999 45.149311 0.021969 -0.012736 0.983485 0.179198
52.499453 -77.935942 45.227273 0.018370 -0.011634 0.983712 0.178432
51.530150 -77.534751 45.222591 0.020661 -0.015575 0.983968 0.176461
50.621429 -77.126432 45.280638 0.018831 -0.011814 0.984196 0.175680
49.681489 -76.736913 45.346614 0.015137 -0.009264 0.984178 0.176294
48.762046 -76.294182 45.361886 0.014474 -0.002128 0.983991 0.177619
47.785873 -75.862816 45.408006 0.016671 -0.005252 0.984153 0.176459
46.833428 -75.439828 45.407098 0.019978 -0.007613 0.984710 0.172883
45.882252 -75.038815 45.400792 0.017571 -0.011323 0.986110 0.164770
44.886403 -74.641128 45.407480 0.013750 -0.011937 0.985083 0.171115
43.914014 -74.235414 45.407629 -0.000978 -0.004125 0.986059 0.166343
42.931279 -73.885486 45.384102 -0.003130 -0.001670 0.986572 0.163288
41.957047 -73.522956 45.346056 -0.007419 -0.001591 0.988109 0.153570
40.940609 -73.207527 45.307526 0.001263 -0.000627 0.990783 0.135450
39.936480 -72.884319 45.298047 -0.000282 -0.006376 0.990905 0.134409
38.969243 -72.543316 45.296848 -0.002605 -0.000249 0.991170 0.132575
38.001892 -72.222183 45.289406 0.003317 -0.000594 0.990627 0.136556
37.021972 -71.912944 45.285522 -0.004663 0.000808 0.990950 0.134144
36.082276 -71.596733 45.231098 -0.008904 0.002239 0.990492 0.137260
36.029353 -71.225884 45.175795 -0.011679 0.002083 0.927714 0.373102
35.746470 -70.454733 45.150863 -0.020675 0.000754 0.881256 0.472187
35.147397 -69.620873 45.075528 -0.026914 -0.001771 0.897832 0.439512
34.549175 -68.918507 45.041337 -0.018046 0.004344 0.928534 0.370782
33.719167 -68.361308 44.952195 0.006876 0.016055 0.961525 0.274161
33.032421 -68.216001 44.995300 0.010093 -0.009886 0.989725 0.142287
31.995705 -68.194403 44.992919 0.003109 -0.007801 0.999964 0.001497
30.968789 -68.136143 44.990341 0.011673 -0.005274 0.999917 0.001300
29.900000 -68.048511 45.015893 0.004755 -0.005716 0.999934 0.008726
28.917463 -67.871782 45.029675 0.007121 -0.007127 0.997600 0.068498
27.873976 -67.639412 45.041246 0.003579 -0.010135 0.997131 0.074928
26.809506 -67.460984 45.063042 0.001107 -0.006879 0.997632 0.068429
25.750577 -67.273045 45.067056 0.004277 -0.009575 0.997749 0.066242
24.687359 -67.106530 45.064327 0.003923 -0.007587 0.997985 0.062873
23.618972 -66.895854 45.075254 0.004473 -0.001176 0.998206 0.059695
22.537277 -66.690272 45.081569 0.005280 0.012223 0.998302 0.056713
21.535259 -66.555325 45.066050 0.007249 0.004628 0.999542 0.029008
20.694135 -66.871890 45.096505 -0.017735 0.022695 -0.980796 0.192899
19.921718 -67.541702 45.118197 -0.009829 0.011219 -0.946104 0.323520
19.129717 -68.278294 45.108231 -0.006678 0.013021 -0.919718 0.392308
18.435476 -69.128569 45.094821 0.001917 0.015205 -0.904347 0.426522
17.759688 -69.987375 45.053550 -0.010275 0.017762 -0.890534 0.454454
17.144335 -70.849374 45.055178 -0.007930 0.007417 -0.882220 0.470712
16.477588 -71.696752 45.085307 -0.025784 0.000098 -0.876456 0.480791
15.843584 -72.487866 45.077357 -0.012272 0.014274 -0.896138 0.443375
14.917938 -72.769293 45.099493 -0.014390 0.011039 -0.971806 0.235082
13.887749 -72.859317 45.105910 -0.013975 0.009610 -0.993536 0.112244
12.819817 -73.044504 45.168714 -0.008849 0.006504 -0.993231 0.115639
11.832817 -73.153407 45.153904 -0.006281 0.001572 -0.996266 0.086099
10.831512 -73.219374 45.121974 -0.009835 -0.002059 -0.997477 0.070273
9.739732 -73.231082 45.117695 -0.002065 -0.000286 -0.999792 0.020305
8.713408 -73.074465 45.084640 0.002451 0.002172 0.999254 0.038486
7.710592 -72.780546 45.070294 -0.003319 0.001006 0.992365 0.123286
6.953905 -72.639380 45.046806 0.001333 -0.000624 0.997634 0.068737
5.921395 -72.434870 45.044926 -0.001005 0.000263 0.997084 0.076299
4.871538 -72.148193 45.061195 -0.002222 -0.000414 0.995621 0.093457
3.903640 -71.902763 45.046296 -0.003206 0.000431 0.995030 0.099525
2.893671 -71.608654 45.034565 0.001266 -0.000720 0.994575 0.104009
1.876682 -71.296538 45.041255 0.003038 0.001138 0.993843 0.110754
0.899944 -71.004035 45.027163 -0.003803 0.004041 0.993544 0.113310
-0.059758 -70.705306 45.018502 -0.001102 0.000566 0.993280 0.115732
-1.095844 -70.409646 45.012217 0.000100 0.000548 0.992659 0.120945
-2.075370 -70.106461 45.019952 0.000819 -0.000712 0.992436 0.122759
-3.046976 -69.783223 45.000341 -0.002025 0.006529 0.991415 0.130577
-4.015580 -69.431257 44.984899 0.002960 0.001980 0.990050 0.140673
-4.976117 -69.066585 44.983303 -0.001400 -0.001255 0.987351 0.158536
-5.954596 -68.622928 44.994849 0.000458 0.000288 0.984917 0.173024
-6.873175 -68.192311 44.984477 -0.006883 0.001179 0.984037 0.177825
-7.824059 -67.804112 44.969852 0.002914 -0.000400 0.983580 0.180450
-8.743635 -67.385133 44.973577 0.003097 -0.001015 0.983381 0.181527
-9.669832 -66.989167 44.979356 0.001735 -0.000169 0.983051 0.183326
-10.574229 -66.566243 44.963886 0.000424 -0.003784 0.982488 0.186287
-11.519191 -66.147307 44.956409 0.001506 -0.000467 0.982840 0.184454
-12.459975 -65.706935 44.937884 -0.001274 -0.002285 0.982902 0.184110
-13.410459 -65.273148 44.915907 -0.001207 0.000876 0.983269 0.182152
-14.338364 -64.861640 44.913041 -0.001159 -0.000298 0.981936 0.189212
-15.277763 -64.430150 44.890825 -0.005893 -0.001020 0.982000 0.188787
-16.224173 -64.026610 44.863262 -0.001285 0.000210 0.982698 0.185208
-17.150451 -63.598528 44.852496 0.000649 -0.000981 0.983136 0.182874
-18.134132 -63.183318 44.840666 0.000038 -0.000862 0.981528 0.191316
-19.037019 -62.765728 44.847810 0.002229 0.000506 0.982195 0.187853
-19.991725 -62.309556 44.822101 0.000254 0.002313 0.983348 0.181718
-20.967717 -61.917571 44.795128 0.002237 0.008227 0.983316 0.181708
-21.951736 -61.480452 44.783629 0.000598 0.003253 0.984422 0.175789
-22.882839 -61.102490 44.771547 0.000457 -0.002796 0.984556 0.175049
-23.821812 -60.679054 44.734594 -0.000080 -0.000526 0.984643 0.174582
-24.742761 -60.279911 44.742845 -0.004440 0.004407 0.982348 0.186957
-25.641159 -59.830614 44.727230 0.001102 0.004414 0.980891 0.194506
-26.560310 -59.324713 44.726025 0.002376 0.000898 0.978614 0.205691
-27.495106 -58.817892 44.725772 -0.004140 0.009228 0.974803 0.222840
-28.382275 -58.332213 44.722405 -0.001104 0.007438 0.973926 0.226742
-29.253768 -57.849890 44.693156 -0.008680 0.008761 0.974132 0.225642
-30.162422 -57.374478 44.684812 -0.005129 0.008041 0.974897 0.222452
-31.079052 -56.854629 44.657021 -0.003596 0.009057 0.974501 0.224171
-32.005160 -56.344707 44.640528 -0.008594 0.010307 0.974994 0.221825
-32.932273 -55.851691 44.628211 -0.003543 0.008436 0.974128 0.225810
-33.874233 -55.350204 44.579131 -0.008167 0.008669 0.975502 0.219667
-34.779973 -54.826176 44.539769 -0.003354 0.006346 0.972750 0.231745
-35.661628 -54.282217 44.521602 0.003052 0.003742 0.973296 0.229502
-36.572215 -53.836270 44.504169 -0.000719 0.005924 0.974796 0.223017
-37.410834 -53.331201 44.502856 0.001273 0.001427 0.971895 0.235409
-38.291634 -52.817097 44.485919 -0.000469 0.003610 0.972156 0.234305
-39.166179 -52.317977 44.516463 0.005701 0.001395 0.972592 0.232444
-40.031519 -51.825737 44.486628 0.000262 0.007162 0.971879 0.235372
-40.892486 -51.273407 44.474790 0.002062 0.008386 0.971868 0.235368
-41.781818 -50.724865 44.468236 0.006960 0.007864 0.969574 0.244573
-42.669048 -50.145475 44.470442 0.000943 0.007053 0.966972 0.254783
-43.538223 -49.524042 44.457219 -0.005077 0.007439 0.962398 0.271494
-44.410259 -48.902974 44.451404 0.004672 0.005791 0.956872 0.290416
-45.278155 -48.253419 44.439423 -0.002964 0.006552 0.956155 0.292772
-46.134198 -47.603607 44.437622 0.002985 0.007051 0.955051 0.296343
-46.964662 -46.979036 44.408299 -0.000947 0.004710 0.955978 0.293398
-47.807620 -46.329755 44.385761 -0.000243 0.006648 0.954558 0.297953
-48.647860 -45.657034 44.382046 0.001299 0.003714 0.955166 0.296044
-49.478480 -45.049951 44.367077 0.001026 0.004865 0.956628 0.291270
-50.317416 -44.446631 44.339273 -0.003534 0.007299 0.957970 0.286754
-51.157731 -43.843483 44.329198 0.000881 -0.000693 0.956884 0.290469
-51.997096 -43.224330 44.328771 -0.000818 0.002126 0.956586 0.291441
-52.800929 -42.623333 44.297168 -0.002821 -0.001893 0.956254 0.292518
-53.591786 -41.999938 44.289737 0.001560 0.001614 0.954572 0.297972
-54.356211 -41.317554 44.311503 0.007094 0.000667 0.946188 0.323539
-55.109537 -40.596733 44.291488 0.003440 -0.000162 0.937628 0.347623
-55.743063 -39.768478 44.311219 -0.002381 0.000234 0.916455 0.400130
-56.252620 -38.884310 44.289492 0.004491 -0.001285 0.881993 0.471239
-56.775442 -37.968128 44.277573 -0.002034 0.000339 0.878433 0.477862
-57.252228 -37.087960 44.247317 -0.002495 -0.002599 0.876552 0.481294
-57.777447 -36.196144 44.274083 0.000833 -0.005581 0.877763 0.479062
-58.283481 -35.267832 44.233186 -0.001037 -0.002749 0.878427 0.477867
-58.824107 -34.353314 44.260674 -0.003524 -0.004157 0.880305 0.474378
-59.326456 -33.458531 44.267953 -0.001269 -0.001957 0.879588 0.475731
-59.835913 -32.557388 44.262632 -0.002976 -0.007676 0.875934 0.482360
-60.340918 -31.630269 44.263003 -0.000176 -0.003431 0.877875 0.478878
-60.861973 -30.739733 44.238377 -0.005033 -0.007231 0.877398 0.479682
-61.327765 -29.815892 44.229835 -0.004031 -0.009771 0.864640 0.502281
-61.719089 -28.866194 44.226764 -0.004563 -0.008385 0.844879 0.534872
-61.922351 -27.871357 44.215361 -0.006560 -0.008296 0.794739 0.606859
-61.945333 -26.860400 44.237588 -0.003658 -0.005733 0.756232 0.654268
-62.029245 -25.818498 44.210729 -0.008207 -0.006677 0.750766 0.660484
-62.076316 -24.778516 44.223062 -0.004337 -0.005408 0.748846 0.662707
-62.145698 -23.747643 44.194089 -0.004978 -0.006175 0.749960 0.661436
-62.190136 -22.756393 44.184032 -0.006637 -0.007211 0.744665 0.667366
-62.216616 -21.744412 44.172308 -0.008880 -0.009378 0.734848 0.678109
-62.196554 -20.667867 44.154890 -0.009532 -0.010860 0.721040 0.692743
-62.145526 -19.605566 44.141398 -0.006490 -0.003833 0.699408 0.714683
-62.035729 -18.599529 44.143485 -0.003730 -0.004782 0.684180 0.729288
-61.916638 -17.544236 44.120449 -0.008198 -0.006484 0.681719 0.731539
-61.765402 -16.537882 44.115084 -0.011364 -0.006624 0.674702 0.737973
-61.545922 -15.546798 44.099154 -0.011067 -0.007555 0.649257 0.760451
-61.256348 -14.576991 44.087918 -0.007922 -0.006743 0.632049 0.774859
-60.921930 -13.572315 44.075155 -0.005756 -0.008190 0.603012 0.797670
-60.563003 -12.632875 44.070961 -0.006434 -0.009211 0.596822 0.802295
-60.196924 -11.655184 44.071194 -0.006858 -0.008228 0.592579 0.805441
-59.818268 -10.678644 44.085352 -0.007840 -0.007377 0.588064 0.808743
-59.443819 -9.716434 44.084634 -0.006574 -0.006719 0.582054 0.813096
-59.021422 -8.760900 44.073365 -0.007063 -0.005844 0.570573 0.821196
-58.567597 -7.833571 44.092993 -0.008376 -0.004222 0.552057 0.833754
-58.034585 -6.964083 44.066393 -0.010047 -0.005334 0.512477 0.858626
-57.482443 -6.067469 44.066399 -0.011769 -0.007964 0.505972 0.862433
-56.897649 -5.189047 44.050519 -0.010260 -0.007717 0.501840 0.864865
-56.325718 -4.294586 44.033924 -0.009893 -0.006403 0.502839 0.864300
-55.793562 -3.411883 44.016173 -0.010347 -0.005415 0.503799 0.863742
-55.232656 -2.531899 44.000951 -0.009862 -0.005051 0.502374 0.864580
-54.702156 -1.680391 43.994591 -0.011490 -0.002147 0.500228 0.865815
-54.098441 -0.817391 43.967395 -0.012269 -0.005287 0.479530 0.877424
-53.453939 0.020560 43.951855 -0.014306 -0.009223 0.456750 0.889432
-52.757366 0.751671 43.955017 -0.014602 -0.003351 0.416768 0.908889
-51.997269 1.488370 43.954466 -0.011664 -0.006158 0.402350 0.915391
-51.247631 2.231729 43.952325 -0.019801 -0.006036 0.397925 0.917184
-50.467015 2.953322 43.921277 -0.022464 0.000123 0.384877 0.922695
-49.683293 3.634373 43.911670 -0.019625 -0.001988 0.365087 0.930764
-48.871838 4.242562 43.898925 -0.021867 -0.003573 0.329952 0.943738
-48.007818 4.767968 43.868088 -0.020015 -0.009210 0.296084 0.954908
-47.089399 5.293844 43.883863 -0.019712 -0.005825 0.289964 0.956817
-46.206490 5.818190 43.851990 -0.023975 -0.007036 0.286190 0.957847
-45.302559 6.271102 43.842155 -0.031741 -0.012843 0.263639 0.964013
-44.346154 6.662535 43.836563 -0.028253 -0.007800 0.229865 0.972781
-43.347641 6.975092 43.852015 -0.023524 -0.002796 0.174256 0.984415
-42.341689 7.175450 43.846520 -0.024820 -0.005178 0.126265 0.991672
-41.278345 7.323626 43.871368 -0.020822 -0.003084 0.121897 0.992319
-40.254516 7.552779 43.850987 -0.023249 -0.000034 0.122285 0.992223
-39.264976 7.756730 43.817037 -0.023123 -0.005055 0.119819 0.992514
-38.226236 7.953128 43.781188 -0.018548 -0.006353 0.122932 0.992221
-37.238510 8.149392 43.801838 -0.023129 -0.006142 0.121937 0.992249
-36.265100 8.383303 43.796732 -0.022193 -0.000311 0.129263 0.991362
-35.291308 8.626812 43.799720 -0.019653 -0.001509 0.151242 0.988300
-34.302599 8.884924 43.800571 -0.027501 -0.006686 0.133043 0.990706
-33.240591 9.081143 43.782657 -0.021863 0.001896 0.117837 0.992790
-32.201516 9.100814 43.795577 -0.020113 0.003333 0.064865 0.997686
-31.167456 9.193366 43.795893 -0.020360 0.002912 0.058727 0.998062
-30.126249 9.261443 43.761443 -0.021385 0.002720 0.044370 0.998783
-29.115007 9.261203 43.731690 -0.020583 0.000376 0.045378 0.998758
-28.076805 9.271832 43.702146 -0.021148 0.000065 0.031413 0.999283
-27.084030 9.215556 43.667450 -0.018908 0.000079 0.008789 0.999783
-26.060929 9.065764 43.656857 -0.022037 0.000577 -0.016479 0.999621
-25.122787 8.767465 43.629758 -0.023026 0.004581 -0.101225 0.994586
-24.144838 8.468035 43.634156 -0.025366 0.002391 -0.103911 0.994260
-23.121525 8.179224 43.605810 -0.025663 0.006052 -0.106091 0.994007
-22.155101 7.913693 43.605229 -0.020734 0.002363 -0.104882 0.994266
-21.124574 7.654905 43.609972 -0.022233 0.000619 -0.106414 0.994073
-20.136233 7.369432 43.590214 -0.019387 0.002594 -0.106646 0.994105
-19.152303 7.085551 43.567398 -0.020816 0.003908 -0.107702 0.993958
-18.187483 6.822628 43.553261 -0.019672 0.003350 -0.107706 0.993983
-17.200712 6.524190 43.547350 -0.021602 0.001506 -0.106988 0.994024
-16.159197 6.282063 43.535302 -0.022107 0.001915 -0.107232 0.993986
-15.107247 6.017501 43.516327 -0.020951 -0.000418 -0.110917 0.993609
-14.101876 5.715562 43.509743 -0.022310 0.005075 -0.110974 0.993560
-13.091217 5.458073 43.511426 -0.022079 0.003738 -0.115762 0.993025
-12.132124 5.157153 43.485085 -0.015723 0.004707 -0.114852 0.993247
-11.143550 4.833295 43.455343 -0.021064 0.007095 -0.117045 0.992878
-10.158034 4.575945 43.452851 -0.021603 0.003990 -0.120144 0.992513
-9.149050 4.255640 43.459858 -0.017450 0.001131 -0.123106 0.992239
-8.147062 3.922639 43.429925 -0.015532 0.000397 -0.128226 0.991623
-7.159894 3.572925 43.467020 -0.016926 -0.002311 -0.144870 0.989303
-6.186353 3.219585 43.497941 -0.008680 -0.008957 -0.147241 0.989022
-5.202615 2.816234 43.537617 -0.009949 -0.009454 -0.158455 0.987271
-4.217443 2.441843 43.532479 -0.004564 -0.004299 -0.158537 0.987333
-3.265946 2.060438 43.601341 -0.009520 -0.003387 -0.156762 0.987585
-2.260499 1.664936 43.585020 -0.008076 0.003001 -0.161604 0.986818
-1.337938 1.271315 43.586575 -0.006990 -0.000116 -0.175396 0.984473
-0.401599 0.827135 43.613800 -0.005947 -0.001026 -0.191615 0.981452
0.549671 0.341914 43.622516 -0.009018 -0.001178 -0.211873 0.977255
1.377711 -0.243834 43.629308 -0.009932 0.000573 -0.262781 0.964804
1.245399 -0.588603 43.645830 -0.012418 0.000558 -0.494812 0.868911
0.818590 -0.661581 43.681700 -0.008548 -0.001339 -0.702140 0.711987
0.460289 -0.573046 43.623474 -0.003889 -0.002212 -0.863855 0.503721
